---
title: python 数据相关性分析
url: 14865.html
id: 14865
categories:
  - Python
date: 2018-08-03 17:55:14
tags:
---

\# -*- coding: utf-8 -*- import xlrd\# 调用读取excel文件的库 import numpy as np\# 导入进行数据处理的库 import pandas as pd\# 导入生成数据框的库 import scipy.stats as statsimport matplotlib.pyplot as plt file_path=r'demo2.xlsx'\# 设置文件路径，这里换成你自己的路径 file_path=file_path.decode('utf-8')\# 文件中的中文转码 data=xlrd.open_workbook(file_path)\# 获取excel文件 table=data.sheet\_by\_name('Sheet1')\# 获取单元表 nrows=table.nrows\# 获取总行数 ncols=table.ncols\# 获取总列数 row1=table.row_values(1) print row1 print nrows

\[u'A1', 167.0, 42.0, 4906.0, 37.0, 93.0\]
11

In \[63\]:

\# 获取第一行的值赋给变量row1 for i in range(ncols):
    col.append(table.col_values(i))
    print table.col_values(i)\#  获取各列的值，注意是从0开始的 df=pd.DataFrame({'Name':col\[0\]\[1:nrows\],
                'height':col\[1\]\[1:nrows\],
                'weight':col\[2\]\[1:nrows\],
                'words':col\[3\]\[1:nrows\],
                'age':col\[4\]\[1:nrows\],
                'scores':col\[5\]\[1:nrows\]})\# 将各列的值生成一个数据框 pearson_number=df.corr()\# 计算pearson相关系数 print "打印pearson相关系数，连续变量的相关系数" print pearson_numberkendall_number=df.corr('kendall') \# 计算kendall相关系数 print "打印kendall相关系数，连续分类变量的相关系数" print kendall_numberspearman_number=df.corr('spearman')\# 计算spearman相关系数 print "打印spearman相关系数，连续有序数据的相关系数" print spearman_number

\[u'Name', u'A1', u'A2', u'A3', u'A4', u'A5', u'A6', u'A7', u'A8', u'A9', u'A10'\]
\[u'height', 167.0, 174.0, 168.0, 160.0, 164.0, 166.0, 170.0, 166.0, 165.0, 165.0\]
\[u'weight', 42.0, 53.0, 52.0, 41.0, 45.0, 50.0, 15.0, 40.0, 44.0, 47.9\]
\[u'words', 4906.0, 1688.0, 5890.0, 476.0, 12.0, 609.0, 1552.0, 3011.0, 2993.0, 7548.0\]
\[u'age', 37.0, 42.0, 36.0, 42.0, 38.0, 31.0, 33.0, 33.0, 30.0, 31.0\]
\[u'scores', 93.0, 90.0, 85.0, 85.0, 86.0, 82.0, 89.0, 92.0, 88.0, 87.0\]
打印pearson相关系数，连续变量的相关系数
             age    height    scores    weight     words
age     1.000000  0.077666  0.095276  0.181787 -0.342747
height  0.077666  1.000000  0.382102 -0.035422  0.102202
scores  0.095276  0.382102  1.000000 -0.292209  0.256086
weight  0.181787 -0.035422 -0.292209  1.000000  0.227873
words  -0.342747  0.102202  0.256086  0.227873  1.000000
打印kendall相关系数，连续分类变量的相关系数
             age    height    scores    weight     words
age     1.000000  0.094124  0.069786  0.092009 -0.230022
height  0.094124  1.000000  0.367840  0.204598  0.250065
scores  0.069786  0.367840  1.000000 -0.269680  0.269680
weight  0.092009  0.204598 -0.269680  1.000000  0.111111
words  -0.230022  0.250065  0.269680  0.111111  1.000000
打印spearman相关系数，连续有序数据的相关系数
             age    height    scores    weight     words
age     1.000000  0.076923  0.088959  0.085631 -0.366988
height  0.076923  1.000000  0.422020  0.225614  0.323177
scores  0.088959  0.422020  1.000000 -0.370822  0.352585
weight  0.085631  0.225614 -0.370822  1.000000  0.175758
words  -0.366988  0.323177  0.352585  0.175758  1.000000

In \[64\]:

names = \["age","height","scores","weight","words"\]

In \[65\]:

\# 绘制 pearson 相关系数图像 fig = plt.figure() #调用figure创建一个绘图对象 ax = fig.add_subplot(111)plt.title('pearson') #标题 cax = ax.matshow(pearson_number, vmin=-1, vmax=1)  #绘制热力图，从-1到1 fig.colorbar(cax)  #将matshow生成热力图设置为颜色渐变条 ticks = np.arange(0,5,1) #生成0-5，步长为
1ax.set_xticks(ticks)  #生成刻度 ax.set_yticks(ticks)ax.set_xticklabels(names) #生成x轴标签 ax.set_yticklabels(names) plt.show()

\[caption id="attachment_14897" align="alignnone" width="337"\]![](http://blog.echo.cool/wp-content/uploads/2018/08/python-数据相关性分析-3.png) \[/caption\] In \[66\]:

\# 绘制 kendall 相关系数图像 fig = plt.figure() #调用figure创建一个绘图对象 ax = fig.add_subplot(111)plt.title('kendall') #标题 cax = ax.matshow(kendall_number, vmin=-1, vmax=1)  #绘制热力图，从-1到1 fig.colorbar(cax)  #将matshow生成热力图设置为颜色渐变条 ticks = np.arange(0,5,1) #生成0-5，步长为1 ax.set_xticks(ticks)  #生成刻度 ax.set_yticks(ticks)ax.set_xticklabels(names) #生成x轴标签 ax.set_yticklabels(names) plt.show()

\[caption id="attachment_14898" align="alignnone" width="337"\]![](http://blog.echo.cool/wp-content/uploads/2018/08/python-数据相关性分析-4.png) \[/caption\] In \[67\]:

\# 绘制 spearman 相关系数图像 fig = plt.figure() #调用figure创建一个绘图对象 ax = fig.add_subplot(111) cax = ax.matshow(spearman_number, vmin=-1, vmax=1)  #绘制热力图，从-1到1 fig.colorbar(cax)  #将matshow生成热力图设置为颜色渐变条 ticks = np.arange(0,5,1) #生成0-5，步长为1 plt.title('spearman') #标题 ax.set_xticks(ticks)  #生成刻度 ax.set_yticks(ticks)ax.set_xticklabels(names) #生成x轴标签 ax.set_yticklabels(names) plt.show()

\[caption id="attachment_14899" align="alignnone" width="337"\]![](http://blog.echo.cool/wp-content/uploads/2018/08/python-数据相关性分析-5.png) \[/caption\]